164
918
543
484
402
422
423
875
552
376
264
298
242
517
512
202
157
229
879
277
247
728
28
305
876
4
327
883
346
333
367
687
867
838
836
172
169
607
170
910
909
578
581
911
173
165
174
168
159
842
854
538
554
580
609
606
542
548
544
873
476
481
483
475
900
485
427
426
417
420
425
501
502
421
497
503
496
380
440
557
556
558
559
330
331
379
444
437
439
442
895
894
286
270
288
309
307
308
266
241
261
265
258
514
520
522
899
897
898
569
207
206
881
179
188
184
181
187
183
186
914
912
228
219
225
221
880
212
237
278
279
236
886
227
141
146
733
738
737
806
860
113
108
104
736
111
248
112
922
921
923
73
71
72
734
29
751
730
30
274
303
304
306
877
7
23
26
10
18
11
332
891
16
870
872
871
892
926
924
925
329
718
754
759
722
720
884
724
882
904
903
347
345
689
712
356
365
366
364
401
889
888
890
714
713
707
696
673
674
661
665
666
908
906
907
700
635
869
868
625
627
626
140
142
919
920
667
628
669
630
862
